,estimator,min_score,mean_score,max_score,std_score,C,algorithm,alpha,gamma,kernel,learning_rate,loss,n_estimators,n_iter,n_neighbors,penalty,weights
40,SVC,0.6904996712689021,0.7590043753005792,0.7907626561472715,0.03215563206245984,1,,,0.001,rbf,,,,,,,
45,SVC,0.6936226166995398,0.7589107404417095,0.7965086861190757,0.029917890254452396,2,,,0.001,rbf,,,,,,,
50,SVC,0.6942800788954635,0.7551153877202827,0.7965086861190757,0.028694509937104595,3,,,0.001,rbf,,,,,,,
60,SVC,0.6934582511505588,0.7532638925620944,0.7976893236633497,0.028532655851301773,5,,,0.001,rbf,,,,,,,
65,SVC,0.6967455621301774,0.7531863310959215,0.8027613412228797,0.03355607941613915,10,,,0.001,rbf,,,,,,,
55,SVC,0.6914858645627876,0.7528134827210752,0.7966773486254006,0.02892521200790049,4,,,0.001,rbf,,,,,,,
18,GradientBoostingClassifier,0.6738261738261738,0.7499573922026469,0.8043228139381985,0.044634302789460345,,,,,,0.1,,32,,,,
20,GradientBoostingClassifier,0.6669953977646285,0.7497710137570277,0.7966798159105851,0.04061773288573615,,,,,,0.2,,32,,,,
19,GradientBoostingClassifier,0.6656804733727812,0.7479271200549922,0.8015285996055228,0.045395764911372954,,,,,,0.2,,16,,,,
21,GradientBoostingClassifier,0.6798159105851413,0.7457541556567531,0.7961867192636424,0.03963469517525255,,,,,,0.4,,16,,,,
22,GradientBoostingClassifier,0.6681459566074951,0.7434898129953076,0.7909270216962525,0.039192194525106826,,,,,,0.4,,32,,,,
17,GradientBoostingClassifier,0.6682484182484183,0.7388309672900084,0.7905161078238001,0.04076143343428588,,,,,,0.1,,16,,,,
96,knn,0.684335963182117,0.7372487887847529,0.8045693622616699,0.03813852051693306,,ball_tree,,,,,,,,5,,uniform
120,knn,0.6841715976331361,0.7368708076250534,0.8018573307034844,0.03499558732480145,,brute,,,,,,,,5,,uniform
84,knn,0.6805555555555556,0.7359529026861694,0.8052268244575937,0.03816510156858768,,auto,,,,,,,,5,,uniform
108,knn,0.6805555555555556,0.7359529026861694,0.8052268244575937,0.03816510156858768,,kd_tree,,,,,,,,5,,uniform
66,SVC,0.668803418803419,0.7357933067598401,0.7987012987012987,0.03573729974857896,10,,,0.0001,rbf,,,,,,,
128,knn,0.6838161838161838,0.7335361774422714,0.813198553583169,0.03902069235827593,,brute,,,,,,,,9,,uniform
130,knn,0.68310322156476,0.7327795068179682,0.8143491124260355,0.04059785371702533,,brute,,,,,,,,10,,uniform
13,RandomForestClassifier,0.6724194608809994,0.7323600614060155,0.771285338593031,0.03442049160593445,,,,,,,,90,,,,
122,knn,0.6927186061801447,0.7323543755611688,0.7946252465483234,0.031860891315434375,,brute,,,,,,,,6,,uniform
86,knn,0.6911571334648257,0.7320482506171816,0.7932281393819854,0.031077203441330258,,auto,,,,,,,,6,,uniform
110,knn,0.6911571334648257,0.7320482506171816,0.7932281393819854,0.031077203441330258,,kd_tree,,,,,,,,6,,uniform
98,knn,0.6911571334648257,0.7319857063238681,0.7911735700197239,0.030934740906171262,,ball_tree,,,,,,,,6,,uniform
104,knn,0.6774891774891775,0.731875011158228,0.8127876397107165,0.04028897908794363,,ball_tree,,,,,,,,9,,uniform
92,knn,0.682067932067932,0.7318698700566832,0.816732412886259,0.04091960889925443,,auto,,,,,,,,9,,uniform
116,knn,0.682067932067932,0.7318698700566832,0.816732412886259,0.04091960889925443,,kd_tree,,,,,,,,9,,uniform
118,knn,0.6821992110453649,0.7317225149143229,0.819197896120973,0.04129895462153395,,kd_tree,,,,,,,,10,,uniform
94,knn,0.6821992110453649,0.7317225149143229,0.819197896120973,0.04129895462153395,,auto,,,,,,,,10,,uniform
106,knn,0.68310322156476,0.7316669705031343,0.8183760683760685,0.04074919674105587,,ball_tree,,,,,,,,10,,uniform
90,knn,0.6863905325443787,0.7310246266664848,0.813034188034188,0.03989347084208222,,auto,,,,,,,,8,,uniform
114,knn,0.6863905325443787,0.7310246266664848,0.813034188034188,0.03989347084208222,,kd_tree,,,,,,,,8,,uniform
126,knn,0.679070929070929,0.7306385505935955,0.8154996712689021,0.04020417167790596,,brute,,,,,,,,8,,uniform
102,knn,0.6824009324009324,0.7304225383895713,0.8159105851413544,0.0412169511167037,,ball_tree,,,,,,,,8,,uniform
12,RandomForestClassifier,0.6776016191600608,0.7290942463020385,0.7694773175542406,0.028599486530947165,,,,,,,,80,,,,
124,knn,0.6802364302364303,0.72905407945368,0.8055555555555556,0.037263432690931166,,brute,,,,,,,,7,,uniform
9,RandomForestClassifier,0.6794871794871794,0.728936349753033,0.7784352399737016,0.03553031386589419,,,,,,,,50,,,,
11,RandomForestClassifier,0.6689677843523998,0.728346473151668,0.7758053911900066,0.036563488601781886,,,,,,,,70,,,,
100,knn,0.6795704295704296,0.7280925465366025,0.8055555555555556,0.03931835937333538,,ball_tree,,,,,,,,7,,uniform
88,knn,0.6823176823176822,0.728029463044448,0.8062952005259698,0.038862386483459146,,auto,,,,,,,,7,,uniform
112,knn,0.6823176823176822,0.728029463044448,0.8062952005259698,0.038862386483459146,,kd_tree,,,,,,,,7,,uniform
10,RandomForestClassifier,0.6809748692865577,0.727137076487726,0.7606015779092703,0.028157857450376887,,,,,,,,60,,,,
8,RandomForestClassifier,0.6774326101249178,0.7267673981585071,0.7821334648257726,0.0347861339627967,,,,,,,,40,,,,
61,SVC,0.6637080867850099,0.7240234138710664,0.7916174734356553,0.035177615605203834,5,,,0.0001,rbf,,,,,,,
7,RandomForestClassifier,0.6785831689677844,0.7219886798183502,0.7666009204470744,0.03197849470179457,,,,,,,,30,,,,
25,GradientBoostingClassifier,0.6669953977646285,0.7207750901557095,0.7942143326758713,0.045236165574966486,,,,,,1.0,,16,,,,
56,SVC,0.6679815910585142,0.7199392557159789,0.7867262607522347,0.03465619512573353,4,,,0.0001,rbf,,,,,,,
15,AdaBoostClassifier,0.6523476523476524,0.7183211283111383,0.7858829482206107,0.04277191575127921,,,,,,,,50,,,,
6,RandomForestClassifier,0.655654174884944,0.7176943366878432,0.7651216305062459,0.029124365368345697,,,,,,,,20,,,,
23,GradientBoostingClassifier,0.6347797501643655,0.7165405093851647,0.7856673241288625,0.04270690027276485,,,,,,0.8,,16,,,,
14,AdaBoostClassifier,0.6497668997668997,0.7162539619332826,0.7646314724236802,0.04025496541264153,,,,,,,,30,,,,
51,SVC,0.6642011834319526,0.7141646080082643,0.7794737729802664,0.03464505337229268,3,,,0.0001,rbf,,,,,,,
24,GradientBoostingClassifier,0.6201512163050625,0.7130884696943637,0.791913214990138,0.04811538502756321,,,,,,0.8,,32,,,,
39,SVC,0.6553254437869823,0.7125196856090963,0.7708744247205785,0.038923592094011875,1,,,0.01,rbf,,,,,,,
26,GradientBoostingClassifier,0.6378205128205128,0.7094580355819117,0.7828731097961867,0.045379648268359024,,,,,,1.0,,32,,,,
16,AdaBoostClassifier,0.6487508218277449,0.7088225294519,0.779750164365549,0.04401462857436839,,,,,,,,100,,,,
46,SVC,0.6655161078238001,0.7063545525958113,0.774582560296846,0.0355126962359529,2,,,0.0001,rbf,,,,,,,
5,RandomForestClassifier,0.6631328073635766,0.7024960872738095,0.7629026955950033,0.036337529855874885,,,,,,,,10,,,,
41,SVC,0.6625906560971496,0.697400034475459,0.772389947714623,0.03633776038061435,1,,,0.0001,rbf,,,,,,,
4,ExtraTreesClassifier,0.610535831689678,0.6908859469423906,0.7379191321499015,0.040392375044658604,,,,,,,,50,,,,
2,ExtraTreesClassifier,0.645627876397107,0.6888359004742621,0.7270710059171598,0.029743684286512233,,,,,,,,30,,,,
3,ExtraTreesClassifier,0.6258218277449047,0.6874709151432429,0.7172090729783038,0.0351035749048661,,,,,,,,40,,,,
121,knn,0.6148915187376726,0.6874148828194783,0.7393162393162394,0.03992301762666411,,brute,,,,,,,,5,,distance
44,SVC,0.6275476660092045,0.6868342294291345,0.7355358316896777,0.03674151769458526,2,,,0.01,rbf,,,,,,,
97,knn,0.6065910585141354,0.6840587428999018,0.7433431952662721,0.041041409730424874,,ball_tree,,,,,,,,5,,distance
85,knn,0.6042899408284024,0.6833613439507544,0.7426857330703484,0.04166282576281748,,auto,,,,,,,,5,,distance
109,knn,0.6042899408284024,0.6833613439507544,0.7426857330703484,0.04166282576281748,,kd_tree,,,,,,,,5,,distance
1,ExtraTreesClassifier,0.6304240631163708,0.6825741538403876,0.7114552114552114,0.030829179958814134,,,,,,,,20,,,,
123,knn,0.6110289283366207,0.681189681114756,0.7384944115713347,0.03922756881765509,,brute,,,,,,,,6,,distance
49,SVC,0.6258222297183336,0.6805616974323268,0.7200032873109796,0.033238485600499176,3,,,0.01,rbf,,,,,,,
54,SVC,0.6276775172879069,0.6786824993743076,0.7155654174884943,0.02998156221839106,4,,,0.01,rbf,,,,,,,
0,ExtraTreesClassifier,0.6392176199868509,0.6780938342376905,0.723948060486522,0.027132037857169437,,,,,,,,10,,,,
59,SVC,0.623292292123461,0.6779265093326032,0.7156476002629849,0.03081348271868683,5,,,0.01,rbf,,,,,,,
111,knn,0.6103714661406969,0.6779063676915824,0.7397271531886916,0.03897299106898229,,kd_tree,,,,,,,,6,,distance
87,knn,0.6103714661406969,0.6779063676915824,0.7397271531886916,0.03897299106898229,,auto,,,,,,,,6,,distance
99,knn,0.6088921761998685,0.6778075570782863,0.7393984220907298,0.038876101454839274,,ball_tree,,,,,,,,6,,distance
35,SVC,0.63732741617357,0.6773224070301992,0.73781413391803,0.0343126282854866,9,,,,linear,,,,,,,
32,SVC,0.6371630506245891,0.6773023166754435,0.73781413391803,0.03423545186820299,6,,,,linear,,,,,,,
36,SVC,0.6369986850756082,0.67728931491419,0.7379827964243548,0.03449765141042028,10,,,,linear,,,,,,,
31,SVC,0.6368343195266274,0.677269013869913,0.7373081463990554,0.034310939179941484,5,,,,linear,,,,,,,
29,SVC,0.6371630506245892,0.6772515044617942,0.7374768089053804,0.034174182698992514,3,,,,linear,,,,,,,
28,SVC,0.6371630506245892,0.677166100355411,0.7373081463990555,0.0343060951925511,2,,,,linear,,,,,,,
30,SVC,0.6371630506245892,0.6771187201631758,0.7374768089053804,0.03417860607111647,4,,,,linear,,,,,,,
27,SVC,0.6371630506245891,0.6770954112487579,0.7368021588800809,0.03413223263020419,1,,,,linear,,,,,,,
33,SVC,0.6365055884286654,0.6770888576957508,0.7374768089053804,0.03434954377328342,7,,,,linear,,,,,,,
34,SVC,0.6366699539776464,0.6770724239130833,0.73781413391803,0.03444109955764775,8,,,,linear,,,,,,,
64,SVC,0.6162084668578175,0.6755989501119372,0.7107988165680473,0.030001603137160732,10,,,0.01,rbf,,,,,,,
125,knn,0.6024819197896122,0.6748428505671262,0.738905325443787,0.03991214342215998,,brute,,,,,,,,7,,distance
129,knn,0.5993589743589743,0.6741900096795203,0.7331525312294543,0.04066973239027157,,brute,,,,,,,,9,,distance
127,knn,0.5933596318211702,0.6735977448015411,0.7338099934253781,0.04159923046672582,,brute,,,,,,,,8,,distance
131,knn,0.5968934911242604,0.6726075373178271,0.7287146614069693,0.04087583360843282,,brute,,,,,,,,10,,distance
89,knn,0.598044049967127,0.671869491924437,0.7394806048652203,0.04162812130406102,,auto,,,,,,,,7,,distance
113,knn,0.598044049967127,0.671869491924437,0.7394806048652203,0.04162812130406102,,kd_tree,,,,,,,,7,,distance
101,knn,0.5996877054569362,0.6716656054568142,0.7422748191978962,0.04147781005042046,,ball_tree,,,,,,,,7,,distance
105,knn,0.5964003944773175,0.6712690309468531,0.7330703484549638,0.041210426618576435,,ball_tree,,,,,,,,9,,distance
117,knn,0.5967291255752795,0.6709895928802022,0.7330703484549638,0.041624716080082266,,kd_tree,,,,,,,,9,,distance
93,knn,0.5967291255752795,0.6709895928802022,0.7330703484549638,0.041624716080082266,,auto,,,,,,,,9,,distance
103,knn,0.5908941485864563,0.670960772771462,0.7360289283366206,0.042301352318823086,,ball_tree,,,,,,,,8,,distance
91,knn,0.5963182117028271,0.6709600880305177,0.7365220249835635,0.04214933116404705,,auto,,,,,,,,8,,distance
115,knn,0.5963182117028271,0.6709600880305177,0.7365220249835635,0.04214933116404705,,kd_tree,,,,,,,,8,,distance
95,knn,0.5939349112426036,0.6707136977241872,0.7309335963182118,0.04168128420059744,,auto,,,,,,,,10,,distance
119,knn,0.5939349112426036,0.6707136977241872,0.7309335963182118,0.04168128420059744,,kd_tree,,,,,,,,10,,distance
107,knn,0.5945923734385273,0.6704160668945883,0.7301117685733072,0.041100816319409976,,ball_tree,,,,,,,,10,,distance
76,Ridge Classifier,0.6336291913214991,0.6698093323592824,0.7395007589812785,0.03497456097745907,,,0.01,,,,,,,,,
75,Ridge Classifier,0.6336291913214991,0.6698093323592824,0.7395007589812785,0.03497456097745907,,,0.1,,,,,,,,,
77,Ridge Classifier,0.6336291913214991,0.6698093323592824,0.7395007589812784,0.034974560977459046,,,0.001,,,,,,,,,
78,Ridge Classifier,0.6336291913214991,0.6698093323592824,0.7395007589812784,0.034974560977459046,,,0.0001,,,,,,,,,
79,Ridge Classifier,0.6336291913214991,0.6698093323592824,0.7395007589812785,0.03497456097745907,,,0,,,,,,,,,
74,Ridge Classifier,0.6336291913214991,0.6697755998580175,0.7395007589812784,0.03499516547004148,,,1,,,,,,,,,
73,LR,0.6300953320184091,0.668105441844203,0.7395007589812784,0.03562814792397662,1000,,,,,,,,,,,
68,LR,0.6304240631163709,0.6674710723287147,0.7408500590318772,0.03678920663819251,0.01,,,,,,,,,,,
72,LR,0.6300953320184091,0.6673966296219043,0.7395007589812784,0.036144629601915404,100,,,,,,,,,,,
71,LR,0.6300953320184091,0.667190367352705,0.7395007589812784,0.03636591626697276,10,,,,,,,,,,,
70,LR,0.6300953320184091,0.6671570645471744,0.7395007589812784,0.036388363442154244,1,,,,,,,,,,,
69,LR,0.6297666009204471,0.6671408414540283,0.739838083993928,0.036456236627205256,0.1,,,,,,,,,,,
67,LR,0.6261595547309833,0.6669825886733978,0.7438859841457245,0.03755623738510701,0.001,,,,,,,,,,,
83,Perceptron,0.5924270534660145,0.6348520818176164,0.736802158880081,0.04394323753118559,,,,,,,,,120,,,
80,Perceptron,0.5403103390116377,0.6220655482268869,0.6666666666666666,0.03595116854068576,,,,,,,,,30,,,
136,svcl,0.5428402766065102,0.6181715124147692,0.7077580539119,0.050805424423390935,5,,,,,,,,,,,
132,svcl,0.4813519813519813,0.6070068778485361,0.714032720526227,0.0640688579600378,1,,,,,,,,,,,
133,svcl,0.4614562787639711,0.6035420664916169,0.72701973351324,0.07016594627510366,2,,,,,,,,,,,
138,sgd,0.4402531229454306,0.5997526297101722,0.688034188034188,0.07052634917505013,,,,,,,squared_hinge,,,,l2,
135,svcl,0.4442800788954635,0.5923343126514956,0.6747205785667325,0.0577785798012923,4,,,,,,,,,,,
81,Perceptron,0.5020239500758982,0.5816781744728798,0.6770216962524654,0.06197653681424762,,,,,,,,,50,,,
38,SVC,0.5131492439184747,0.5799016071618469,0.6252465483234714,0.036949642548698196,1,,,0.5,rbf,,,,,,,
58,SVC,0.5110124917817226,0.5769391932853472,0.6203796203796202,0.03546448785254348,5,,,0.5,rbf,,,,,,,
53,SVC,0.5110124917817226,0.5769391932853472,0.6203796203796202,0.03546448785254348,4,,,0.5,rbf,,,,,,,
48,SVC,0.5110124917817226,0.5769391932853472,0.6203796203796202,0.03546448785254348,3,,,0.5,rbf,,,,,,,
43,SVC,0.5110124917817226,0.5769391932853472,0.6203796203796202,0.03546448785254348,2,,,0.5,rbf,,,,,,,
63,SVC,0.5096975673898752,0.5768077008461624,0.6203796203796202,0.03571026794317709,10,,,0.5,rbf,,,,,,,
82,Perceptron,0.4931788297172912,0.5751172889159901,0.678444931691685,0.056749979540632614,,,,,,,,,100,,,
134,svcl,0.445595003287311,0.5721868776688956,0.6817882971729126,0.06711028049524773,3,,,,,,,,,,,
139,sgd,0.49317882971729127,0.5660110604790924,0.6446416831032216,0.03898054943403562,,,,,,,squared_hinge,,,,l1,
37,SVC,0.4804404996712689,0.5411628539625543,0.5943458251150558,0.032431940486027454,1,,,1,rbf,,,,,,,
42,SVC,0.47781065088757396,0.5387734130116748,0.5873602892833663,0.03196465145287855,2,,,1,rbf,,,,,,,
52,SVC,0.47781065088757396,0.5387734130116748,0.5873602892833663,0.03196465145287855,4,,,1,rbf,,,,,,,
57,SVC,0.47781065088757396,0.5387734130116748,0.5873602892833663,0.03196465145287855,5,,,1,rbf,,,,,,,
47,SVC,0.47781065088757396,0.5387734130116748,0.5873602892833663,0.03196465145287855,3,,,1,rbf,,,,,,,
62,SVC,0.47781065088757396,0.5387076667920824,0.5867028270874425,0.03186516967974899,10,,,1,rbf,,,,,,,
137,svcl,0.3429752066115702,0.537432437969401,0.6388067061143984,0.0853564917840322,10,,,,,,,,,,,
